tick,type,time,meta,track,program,channel,pitch,tempo,note,velocity
0,copyright,0,1,0,,,,,,
0,program_change,0,0,0,6,0,,,,
0,pitchwheel,0,0,0,,0,0,,,
0,program_change,0,0,0,6,1,,,,
0,pitchwheel,0,0,0,,1,-590,,,
0,program_change,0,0,0,6,2,,,,
0,pitchwheel,0,0,0,,2,-272,,,
0,program_change,0,0,0,6,3,,,,
0,pitchwheel,0,0,0,,3,-353,,,
0,program_change,0,0,0,6,4,,,,
0,pitchwheel,0,0,0,,4,-560,,,
0,program_change,0,0,0,6,5,,,,
0,pitchwheel,0,0,0,,5,-80,,,
0,program_change,0,0,0,6,6,,,,
0,pitchwheel,0,0,0,,6,-625,,,
0,program_change,0,0,0,6,7,,,,
0,pitchwheel,0,0,0,,7,-130,,,
0,program_change,0,0,0,6,8,,,,
0,pitchwheel,0,0,0,,8,-512,,,
0,program_change,0,0,0,6,10,,,,
0,pitchwheel,0,0,0,,10,-464,,,
0,program_change,0,0,0,6,11,,,,
0,pitchwheel,0,0,0,,11,-208,,,
0,program_change,0,0,0,6,12,,,,
0,pitchwheel,0,0,0,,12,-553,,,
0,set_tempo,0,1,0,,,,500000,,
24,note_on,24,0,0,,7,,,67,127
168,note_on,144,0,0,,7,,,79,127
310,note_off,142,0,0,,7,,,79,127
312,note_on,2,0,0,,2,,,74,127
454,note_off,142,0,0,,2,,,74,127
454,note_off,0,0,0,,7,,,67,127
456,note_on,2,0,0,,7,,,67,127
456,note_on,0,0,0,,12,,,71,127
598,note_off,142,0,0,,12,,,71,127
600,note_on,2,0,0,,12,,,71,127
742,note_off,142,0,0,,12,,,71,127
744,note_on,2,0,0,,2,,,74,127
886,note_off,142,0,0,,2,,,74,127
886,note_off,0,0,0,,7,,,67,127
888,note_on,2,0,0,,7,,,67,127
888,note_on,0,0,0,,12,,,71,127
1030,note_off,142,0,0,,12,,,71,127
1032,note_on,2,0,0,,12,,,71,127
1174,note_off,142,0,0,,12,,,71,127
1176,note_on,2,0,0,,2,,,74,127
1318,note_off,142,0,0,,2,,,74,127
1318,note_off,0,0,0,,7,,,67,127
1320,note_on,2,0,0,,7,,,67,127
1320,note_on,0,0,0,,12,,,71,127
1462,note_off,142,0,0,,12,,,71,127
1464,note_on,2,0,0,,12,,,71,127
1606,note_off,142,0,0,,12,,,71,127
1608,note_on,2,0,0,,2,,,74,127
1750,note_off,142,0,0,,2,,,74,127
1752,note_on,2,0,0,,12,,,71,127
1894,note_off,142,0,0,,7,,,67,127
1896,note_on,2,0,0,,7,,,67,127
2022,note_off,126,0,0,,12,,,71,127
2038,note_off,16,0,0,,7,,,67,127
2040,note_on,2,0,0,,2,,,62,127
2040,note_on,0,0,0,,12,,,71,127
2182,note_off,142,0,0,,12,,,71,127
2182,note_off,0,0,0,,2,,,62,127
2184,note_on,2,0,0,,12,,,59,127
2184,note_on,0,0,0,,7,,,79,127
2326,note_off,142,0,0,,12,,,59,127
2328,note_on,2,0,0,,12,,,59,127
2470,note_off,142,0,0,,12,,,59,127
2470,note_off,0,0,0,,7,,,79,127
2472,note_on,2,0,0,,2,,,62,127
2472,note_on,0,0,0,,2,,,74,127
2614,note_off,142,0,0,,2,,,74,127
2614,note_off,0,0,0,,2,,,62,127
2616,note_on,2,0,0,,12,,,59,127
2616,note_on,0,0,0,,7,,,79,127
2758,note_off,142,0,0,,12,,,59,127
2760,note_on,2,0,0,,12,,,59,127
2902,note_off,142,0,0,,12,,,59,127
2902,note_off,0,0,0,,7,,,79,127
2904,note_on,2,0,0,,2,,,62,127
2904,note_on,0,0,0,,2,,,74,127
3046,note_off,142,0,0,,2,,,74,127
3046,note_off,0,0,0,,2,,,62,127
3048,note_on,2,0,0,,12,,,59,127
3048,note_on,0,0,0,,7,,,79,127
3190,note_off,142,0,0,,12,,,59,127
3192,note_on,2,0,0,,12,,,59,127
3318,note_off,126,0,0,,7,,,79,127
3334,note_off,16,0,0,,12,,,59,127
3336,note_on,2,0,0,,2,,,62,127
3336,note_on,0,0,0,,2,,,74,127
3478,note_off,142,0,0,,2,,,74,127
3478,note_off,0,0,0,,2,,,62,127
3480,note_on,2,0,0,,12,,,59,127
3480,note_on,0,0,0,,7,,,79,127
3622,note_off,142,0,0,,7,,,79,127
3624,note_on,2,0,0,,12,,,83,127
3766,note_off,142,0,0,,12,,,83,127
3766,note_off,0,0,0,,12,,,59,127
3768,note_on,2,0,0,,12,,,59,127
3768,note_on,0,0,0,,2,,,74,127
3910,note_off,142,0,0,,2,,,74,127
3910,note_off,0,0,0,,12,,,59,127
3912,note_on,2,0,0,,0,,,60,127
3912,note_on,0,0,0,,4,,,76,127
4054,note_off,142,0,0,,4,,,76,127
4056,note_on,2,0,0,,10,,,81,127
4198,note_off,142,0,0,,10,,,81,127
4198,note_off,0,0,0,,0,,,60,127
4200,note_on,2,0,0,,10,,,57,127
4200,note_on,0,0,0,,6,,,78,127
4342,note_off,142,0,0,,6,,,78,127
4342,note_off,0,0,0,,10,,,57,127
4344,note_on,2,0,0,,12,,,59,127
4344,note_on,0,0,0,,7,,,79,127
4486,note_off,142,0,0,,7,,,79,127
4488,note_on,2,0,0,,2,,,74,127
4621,note_off,133,0,0,,2,,,74,127
4631,note_off,10,0,0,,12,,,59,127
4633,note_on,2,0,0,,0,,,60,127
4633,note_on,0,0,0,,4,,,76,127
4775,note_off,142,0,0,,4,,,76,127
4775,note_off,0,0,0,,0,,,60,127
4777,note_on,2,0,0,,2,,,62,127
4777,note_on,0,0,0,,10,,,69,127
4919,note_off,142,0,0,,10,,,69,127
4921,note_on,2,0,0,,10,,,69,127
5063,note_off,142,0,0,,10,,,69,127
5063,note_off,0,0,0,,2,,,62,127
5065,note_on,2,0,0,,6,,,66,127
5065,note_on,0,0,0,,0,,,72,127
5207,note_off,142,0,0,,0,,,72,127
5207,note_off,0,0,0,,6,,,66,127
5209,note_on,2,0,0,,7,,,67,127
5209,note_on,0,0,0,,12,,,71,127
5351,note_off,142,0,0,,12,,,71,127
5353,note_on,2,0,0,,12,,,71,127
5495,note_off,142,0,0,,12,,,71,127
5495,note_off,0,0,0,,7,,,67,127
5497,note_on,2,0,0,,0,,,60,127
5497,note_on,0,0,0,,4,,,76,127
5639,note_off,142,0,0,,4,,,76,127
5639,note_off,0,0,0,,0,,,60,127
5641,note_on,2,0,0,,2,,,62,127
5641,note_on,0,0,0,,10,,,69,127
5783,note_off,142,0,0,,10,,,69,127
5785,note_on,2,0,0,,10,,,69,127
5927,note_off,142,0,0,,10,,,69,127
5927,note_off,0,0,0,,2,,,62,127
5929,note_on,2,0,0,,6,,,66,127
5929,note_on,0,0,0,,0,,,72,127
6071,note_off,142,0,0,,0,,,72,127
6071,note_off,0,0,0,,6,,,66,127
6073,note_on,2,0,0,,7,,,67,127
6073,note_on,0,0,0,,12,,,71,127
6215,note_off,142,0,0,,12,,,71,127
6217,note_on,2,0,0,,12,,,71,127
6345,note_off,128,0,0,,12,,,71,127
6359,note_off,14,0,0,,7,,,67,127
6362,note_on,3,0,0,,4,,,64,127
6362,note_on,0,0,0,,7,,,79,127
6504,note_off,142,0,0,,7,,,79,127
6504,note_off,0,0,0,,4,,,64,127
6506,note_on,2,0,0,,2,,,62,127
6506,note_on,0,0,0,,6,,,78,127
6648,note_off,142,0,0,,6,,,78,127
6650,note_on,2,0,0,,6,,,78,127
6792,note_off,142,0,0,,6,,,78,127
6792,note_off,0,0,0,,2,,,62,127
6794,note_on,2,0,0,,0,,,60,127
6794,note_on,0,0,0,,10,,,81,127
6936,note_off,142,0,0,,10,,,81,127
6936,note_off,0,0,0,,0,,,60,127
6938,note_on,2,0,0,,12,,,59,127
6938,note_on,0,0,0,,2,,,74,127
7080,note_off,142,0,0,,2,,,74,127
7082,note_on,2,0,0,,2,,,74,127
7224,note_off,142,0,0,,2,,,74,127
7224,note_off,0,0,0,,12,,,59,127
7226,note_on,2,0,0,,4,,,64,127
7226,note_on,0,0,0,,7,,,79,127
7368,note_off,142,0,0,,7,,,79,127
7368,note_off,0,0,0,,4,,,64,127
7370,note_on,2,0,0,,2,,,62,127
7370,note_on,0,0,0,,6,,,78,127
7512,note_off,142,0,0,,6,,,78,127
7514,note_on,2,0,0,,6,,,78,127
7656,note_off,142,0,0,,6,,,78,127
7656,note_off,0,0,0,,2,,,62,127
7658,note_on,2,0,0,,0,,,60,127
7658,note_on,0,0,0,,10,,,81,127
7800,note_off,142,0,0,,10,,,81,127
7800,note_off,0,0,0,,0,,,60,127
7802,note_on,2,0,0,,12,,,59,127
7802,note_on,0,0,0,,2,,,74,127
7944,note_off,142,0,0,,2,,,74,127
7946,note_on,2,0,0,,2,,,74,127
8074,note_off,128,0,0,,2,,,74,127
8089,note_off,15,0,0,,12,,,59,127
8091,note_on,2,0,0,,7,,,55,127
8091,note_on,0,0,0,,12,,,83,127
8233,note_off,142,0,0,,12,,,83,127
8233,note_off,0,0,0,,7,,,55,127
8235,note_on,2,0,0,,1,,,61,127
8235,note_on,0,0,0,,4,,,76,127
8377,note_off,142,0,0,,4,,,76,127
8379,note_on,2,0,0,,4,,,76,127
8521,note_off,142,0,0,,4,,,76,127
8521,note_off,0,0,0,,1,,,61,127
8523,note_on,2,0,0,,10,,,57,127
8523,note_on,0,0,0,,7,,,79,127
8665,note_off,142,0,0,,7,,,79,127
8665,note_off,0,0,0,,10,,,57,127
8667,note_on,2,0,0,,2,,,62,127
8667,note_on,0,0,0,,6,,,78,127
8809,note_off,142,0,0,,6,,,78,127
8811,note_on,2,0,0,,6,,,78,127
8953,note_off,142,0,0,,6,,,78,127
8953,note_off,0,0,0,,2,,,62,127
8955,note_on,2,0,0,,2,,,50,127
8955,note_on,0,0,0,,10,,,81,127
9097,note_off,142,0,0,,10,,,81,127
9097,note_off,0,0,0,,2,,,50,127
9099,note_on,2,0,0,,10,,,57,127
9099,note_on,0,0,0,,1,,,73,127
9241,note_off,142,0,0,,1,,,73,127
9243,note_on,2,0,0,,1,,,73,127
9385,note_off,142,0,0,,1,,,73,127
9385,note_off,0,0,0,,10,,,57,127
9387,note_on,2,0,0,,7,,,55,127
9387,note_on,0,0,0,,4,,,76,127
9529,note_off,142,0,0,,4,,,76,127
9529,note_off,0,0,0,,7,,,55,127
9531,note_on,2,0,0,,6,,,54,127
9531,note_on,0,0,0,,10,,,69,127
9673,note_off,142,0,0,,10,,,69,127
9675,note_on,2,0,0,,10,,,69,127
9817,note_off,142,0,0,,10,,,69,127
9817,note_off,0,0,0,,6,,,54,127
9819,note_on,2,0,0,,2,,,50,127
9819,note_on,0,0,0,,2,,,74,127
9961,note_off,142,0,0,,2,,,74,127
9961,note_off,0,0,0,,2,,,50,127
9963,note_on,2,0,0,,1,,,49,127
9963,note_on,0,0,0,,4,,,64,127
10105,note_off,142,0,0,,4,,,64,127
10107,note_on,2,0,0,,4,,,64,127
10249,note_off,142,0,0,,4,,,64,127
10249,note_off,0,0,0,,1,,,49,127
10251,note_on,2,0,0,,10,,,45,127
10251,note_on,0,0,0,,7,,,67,127
10393,note_off,142,0,0,,7,,,67,127
10393,note_off,0,0,0,,10,,,45,127
10395,note_on,2,0,0,,2,,,50,127
10395,note_on,0,0,0,,6,,,66,127
10537,note_off,142,0,0,,6,,,66,127
10539,note_on,2,0,0,,6,,,66,127
10672,note_off,133,0,0,,6,,,66,127
10682,note_off,10,0,0,,2,,,50,127
10684,note_on,2,0,0,,2,,,62,127
10684,note_on,0,0,0,,10,,,69,127
10826,note_off,142,0,0,,10,,,69,127
10826,note_off,0,0,0,,2,,,62,127
10828,note_on,2,0,0,,1,,,61,127
10828,note_on,0,0,0,,10,,,69,127
10970,note_off,142,0,0,,10,,,69,127
10972,note_on,2,0,0,,10,,,69,127
11114,note_off,142,0,0,,10,,,69,127
11114,note_off,0,0,0,,1,,,61,127
11116,note_on,2,0,0,,10,,,57,127
11116,note_on,0,0,0,,1,,,73,127
11258,note_off,142,0,0,,1,,,73,127
11258,note_off,0,0,0,,10,,,57,127
11260,note_on,2,0,0,,6,,,54,127
11260,note_on,0,0,0,,10,,,69,127
11402,note_off,142,0,0,,10,,,69,127
11404,note_on,2,0,0,,10,,,69,127
11546,note_off,142,0,0,,10,,,69,127
11546,note_off,0,0,0,,6,,,54,127
11548,note_on,2,0,0,,2,,,50,127
11548,note_on,0,0,0,,2,,,74,127
11690,note_off,142,0,0,,2,,,74,127
11690,note_off,0,0,0,,2,,,50,127
11692,note_on,2,0,0,,1,,,49,127
11692,note_on,0,0,0,,10,,,69,127
11834,note_off,142,0,0,,10,,,69,127
11836,note_on,2,0,0,,10,,,69,127
11978,note_off,142,0,0,,10,,,69,127
11978,note_off,0,0,0,,1,,,49,127
11980,note_on,2,0,0,,10,,,45,127
11980,note_on,0,0,0,,4,,,76,127
12122,note_off,142,0,0,,4,,,76,127
12122,note_off,0,0,0,,10,,,45,127
12124,note_on,2,0,0,,6,,,54,127
12124,note_on,0,0,0,,10,,,69,127
12266,note_off,142,0,0,,10,,,69,127
12268,note_on,2,0,0,,10,,,69,127
12410,note_off,142,0,0,,10,,,69,127
12410,note_off,0,0,0,,6,,,54,127
12412,note_on,2,0,0,,2,,,50,127
12412,note_on,0,0,0,,6,,,78,127
12554,note_off,142,0,0,,6,,,78,127
12554,note_off,0,0,0,,2,,,50,127
12556,note_on,2,0,0,,1,,,49,127
12556,note_on,0,0,0,,10,,,69,127
12698,note_off,142,0,0,,10,,,69,127
12700,note_on,2,0,0,,10,,,69,127
12842,note_off,142,0,0,,10,,,69,127
12842,note_off,0,0,0,,1,,,49,127
12844,note_on,2,0,0,,10,,,45,127
12844,note_on,0,0,0,,7,,,79,127
12986,note_off,142,0,0,,7,,,79,127
12986,note_off,0,0,0,,10,,,45,127
12988,note_on,2,0,0,,2,,,50,127
12988,note_on,0,0,0,,6,,,78,127
13130,note_off,142,0,0,,6,,,78,127
13132,note_on,2,0,0,,6,,,78,127
13274,note_off,142,0,0,,6,,,78,127
13274,note_off,0,0,0,,2,,,50,127
13276,note_on,2,0,0,,6,,,54,127
13276,note_on,0,0,0,,10,,,81,127
13418,note_off,142,0,0,,10,,,81,127
13418,note_off,0,0,0,,6,,,54,127
13420,note_on,2,0,0,,7,,,55,127
13420,note_on,0,0,0,,4,,,76,127
13562,note_off,142,0,0,,4,,,76,127
13564,note_on,2,0,0,,4,,,76,127
13706,note_off,142,0,0,,4,,,76,127
13706,note_off,0,0,0,,7,,,55,127
13708,note_on,2,0,0,,10,,,57,127
13708,note_on,0,0,0,,10,,,81,127
13850,note_off,142,0,0,,10,,,81,127
13850,note_off,0,0,0,,10,,,57,127
13852,note_on,2,0,0,,6,,,54,127
13852,note_on,0,0,0,,2,,,74,127
13994,note_off,142,0,0,,2,,,74,127
13996,note_on,2,0,0,,2,,,74,127
14124,note_off,128,0,0,,2,,,74,127
14138,note_off,14,0,0,,6,,,54,127
14141,note_on,3,0,0,,6,,,54,127
14141,note_on,0,0,0,,6,,,78,127
14283,note_off,142,0,0,,6,,,78,127
14283,note_off,0,0,0,,6,,,54,127
14285,note_on,2,0,0,,8,,,56,127
14285,note_on,0,0,0,,2,,,74,127
14285,note_on,0,0,0,,4,,,76,127
14427,note_off,142,0,0,,4,,,76,127
14429,note_on,2,0,0,,4,,,76,127
14571,note_off,142,0,0,,4,,,76,127
14571,note_off,0,0,0,,8,,,56,127
14573,note_on,2,0,0,,8,,,56,127
14573,note_on,0,0,0,,6,,,78,127
14715,note_off,142,0,0,,6,,,78,127
14715,note_off,0,0,0,,8,,,56,127
14716,note_off,1,0,0,,2,,,74,127
14717,note_on,1,0,0,,10,,,57,127
14717,note_on,0,0,0,,4,,,76,127
14717,note_on,0,0,0,,1,,,73,127
14859,note_off,142,0,0,,4,,,76,127
14861,note_on,2,0,0,,4,,,76,127
15003,note_off,142,0,0,,4,,,76,127
15003,note_off,0,0,0,,10,,,57,127
15005,note_on,2,0,0,,10,,,57,127
15005,note_on,0,0,0,,6,,,78,127
15147,note_off,142,0,0,,6,,,78,127
15147,note_off,0,0,0,,10,,,57,127
15148,note_off,1,0,0,,1,,,73,127
15149,note_on,1,0,0,,8,,,56,127
15149,note_on,0,0,0,,2,,,74,127
15149,note_on,0,0,0,,4,,,76,127
15291,note_off,142,0,0,,4,,,76,127
15293,note_on,2,0,0,,4,,,76,127
15435,note_off,142,0,0,,4,,,76,127
15435,note_off,0,0,0,,8,,,56,127
15437,note_on,2,0,0,,8,,,56,127
15437,note_on,0,0,0,,6,,,78,127
15579,note_off,142,0,0,,6,,,78,127
15579,note_off,0,0,0,,8,,,56,127
15580,note_off,1,0,0,,2,,,74,127
15581,note_on,1,0,0,,10,,,57,127
15581,note_on,0,0,0,,4,,,76,127
15581,note_on,0,0,0,,1,,,73,127
15723,note_off,142,0,0,,4,,,76,127
15725,note_on,2,0,0,,4,,,76,127
15867,note_off,142,0,0,,4,,,76,127
15867,note_off,0,0,0,,10,,,57,127
15869,note_on,2,0,0,,10,,,57,127
15869,note_on,0,0,0,,4,,,76,127
16011,note_off,142,0,0,,4,,,76,127
16011,note_off,0,0,0,,10,,,57,127
16013,note_on,2,0,0,,7,,,55,127
16013,note_on,0,0,0,,1,,,85,127
16155,note_off,142,0,0,,1,,,85,127
16157,note_on,2,0,0,,1,,,85,127
16299,note_off,142,0,0,,1,,,85,127
16299,note_off,0,0,0,,7,,,55,127
16301,note_on,2,0,0,,7,,,55,127
16301,note_on,0,0,0,,1,,,85,127
16443,note_off,142,0,0,,1,,,85,127
16443,note_off,0,0,0,,7,,,55,127
16443,note_off,0,0,0,,1,,,73,127
16445,note_on,2,0,0,,6,,,54,127
16445,note_on,0,0,0,,2,,,86,127
16587,note_off,142,0,0,,2,,,86,127
16589,note_on,2,0,0,,10,,,81,127
16731,note_off,142,0,0,,10,,,81,127
16731,note_off,0,0,0,,6,,,54,127
16733,note_on,2,0,0,,7,,,55,127
16733,note_on,0,0,0,,7,,,79,127
16875,note_off,142,0,0,,7,,,79,127
16875,note_off,0,0,0,,7,,,55,127
16877,note_on,2,0,0,,10,,,57,127
16877,note_on,0,0,0,,6,,,78,127
17019,note_off,142,0,0,,6,,,78,127
17021,note_on,2,0,0,,7,,,79,127
17163,note_off,142,0,0,,7,,,79,127
17165,note_on,2,0,0,,10,,,45,127
17165,note_on,0,0,0,,4,,,76,127
17307,note_off,142,0,0,,4,,,76,127
17307,note_off,0,0,0,,10,,,45,127
17308,note_off,1,0,0,,10,,,57,127
17309,note_on,1,0,0,,2,,,50,127
17309,note_on,0,0,0,,2,,,74,127
17451,note_off,142,0,0,,2,,,74,127
17453,note_on,2,0,0,,2,,,74,127
17581,note_off,128,0,0,,2,,,74,127
17596,note_off,15,0,0,,2,,,50,127
17598,note_on,2,0,0,,6,,,54,127
17598,note_on,0,0,0,,6,,,78,127
17740,note_off,142,0,0,,6,,,78,127
17740,note_off,0,0,0,,6,,,54,127
17742,note_on,2,0,0,,8,,,56,127
17742,note_on,0,0,0,,2,,,74,127
17742,note_on,0,0,0,,4,,,76,127
17884,note_off,142,0,0,,4,,,76,127
17886,note_on,2,0,0,,4,,,76,127
18028,note_off,142,0,0,,4,,,76,127
18028,note_off,0,0,0,,8,,,56,127
18030,note_on,2,0,0,,8,,,56,127
18030,note_on,0,0,0,,6,,,78,127
18172,note_off,142,0,0,,6,,,78,127
18172,note_off,0,0,0,,8,,,56,127
18173,note_off,1,0,0,,2,,,74,127
18174,note_on,1,0,0,,10,,,57,127
18174,note_on,0,0,0,,4,,,76,127
18174,note_on,0,0,0,,1,,,73,127
18316,note_off,142,0,0,,4,,,76,127
18318,note_on,2,0,0,,4,,,76,127
18460,note_off,142,0,0,,4,,,76,127
18460,note_off,0,0,0,,10,,,57,127
18462,note_on,2,0,0,,10,,,57,127
18462,note_on,0,0,0,,6,,,78,127
18604,note_off,142,0,0,,6,,,78,127
18604,note_off,0,0,0,,10,,,57,127
18605,note_off,1,0,0,,1,,,73,127
18606,note_on,1,0,0,,8,,,56,127
18606,note_on,0,0,0,,2,,,74,127
18606,note_on,0,0,0,,4,,,76,127
18748,note_off,142,0,0,,4,,,76,127
18750,note_on,2,0,0,,4,,,76,127
18892,note_off,142,0,0,,4,,,76,127
18892,note_off,0,0,0,,8,,,56,127
18894,note_on,2,0,0,,8,,,56,127
18894,note_on,0,0,0,,6,,,78,127
19036,note_off,142,0,0,,6,,,78,127
19036,note_off,0,0,0,,8,,,56,127
19037,note_off,1,0,0,,2,,,74,127
19038,note_on,1,0,0,,10,,,57,127
19038,note_on,0,0,0,,4,,,76,127
19038,note_on,0,0,0,,1,,,73,127
19180,note_off,142,0,0,,4,,,76,127
19182,note_on,2,0,0,,4,,,76,127
19324,note_off,142,0,0,,4,,,76,127
19324,note_off,0,0,0,,10,,,57,127
19326,note_on,2,0,0,,10,,,57,127
19326,note_on,0,0,0,,4,,,76,127
19468,note_off,142,0,0,,10,,,57,127
19469,note_off,1,0,0,,1,,,73,127
19470,note_on,1,0,0,,7,,,55,127
19470,note_on,0,0,0,,1,,,85,127
19612,note_off,142,0,0,,1,,,85,127
19614,note_on,2,0,0,,1,,,85,127
19756,note_off,142,0,0,,1,,,85,127
19756,note_off,0,0,0,,7,,,55,127
19758,note_on,2,0,0,,7,,,55,127
19758,note_on,0,0,0,,1,,,85,127
19900,note_off,142,0,0,,1,,,85,127
19900,note_off,0,0,0,,7,,,55,127
19901,note_off,1,0,0,,4,,,76,127
19902,note_on,1,0,0,,6,,,54,127
19902,note_on,0,0,0,,2,,,86,127
20044,note_off,142,0,0,,2,,,86,127
20046,note_on,2,0,0,,10,,,81,127
20188,note_off,142,0,0,,10,,,81,127
20188,note_off,0,0,0,,6,,,54,127
20190,note_on,2,0,0,,7,,,55,127
20190,note_on,0,0,0,,7,,,79,127
20332,note_off,142,0,0,,7,,,79,127
20332,note_off,0,0,0,,7,,,55,127
20334,note_on,2,0,0,,10,,,57,127
20334,note_on,0,0,0,,6,,,78,127
20476,note_off,142,0,0,,6,,,78,127
20478,note_on,2,0,0,,7,,,79,127
20620,note_off,142,0,0,,7,,,79,127
20622,note_on,2,0,0,,10,,,45,127
20622,note_on,0,0,0,,4,,,76,127
20764,note_off,142,0,0,,4,,,76,127
20764,note_off,0,0,0,,10,,,45,127
20765,note_off,1,0,0,,10,,,57,127
20766,note_on,1,0,0,,2,,,62,127
20766,note_on,0,0,0,,4,,,76,127
20812,note_off,46,0,0,,4,,,76,127
20814,note_on,2,0,0,,2,,,74,127
20860,note_off,46,0,0,,2,,,74,127
20862,note_on,2,0,0,,4,,,76,127
20908,note_off,46,0,0,,4,,,76,127
20908,note_off,0,0,0,,2,,,62,127
20910,note_on,2,0,0,,2,,,62,127
20910,note_on,0,0,0,,2,,,74,127
21052,note_off,142,0,0,,2,,,62,127
21054,note_on,2,0,0,,6,,,66,127
21196,note_off,142,0,0,,6,,,66,127
21196,note_off,0,0,0,,2,,,74,127
21198,note_on,2,0,0,,12,,,59,127
21198,note_on,0,0,0,,4,,,76,127
21244,note_off,46,0,0,,4,,,76,127
21246,note_on,2,0,0,,2,,,74,127
21292,note_off,46,0,0,,2,,,74,127
21294,note_on,2,0,0,,4,,,76,127
21340,note_off,46,0,0,,4,,,76,127
21340,note_off,0,0,0,,12,,,59,127
21342,note_on,2,0,0,,12,,,59,127
21342,note_on,0,0,0,,2,,,74,127
21484,note_off,142,0,0,,12,,,59,127
21486,note_on,2,0,0,,2,,,62,127
21628,note_off,142,0,0,,2,,,62,127
21628,note_off,0,0,0,,2,,,74,127
21630,note_on,2,0,0,,7,,,55,127
21630,note_on,0,0,0,,4,,,76,127
21676,note_off,46,0,0,,4,,,76,127
21678,note_on,2,0,0,,2,,,74,127
21724,note_off,46,0,0,,2,,,74,127
21726,note_on,2,0,0,,4,,,76,127
21772,note_off,46,0,0,,4,,,76,127
21772,note_off,0,0,0,,7,,,55,127
21774,note_on,2,0,0,,7,,,55,127
21774,note_on,0,0,0,,2,,,74,127
21916,note_off,142,0,0,,7,,,55,127
21918,note_on,2,0,0,,12,,,59,127
22060,note_off,142,0,0,,12,,,59,127
22060,note_off,0,0,0,,2,,,74,127
22062,note_on,2,0,0,,4,,,52,127
22062,note_on,0,0,0,,6,,,78,127
22108,note_off,46,0,0,,6,,,78,127
22110,note_on,2,0,0,,4,,,76,127
22156,note_off,46,0,0,,4,,,76,127
22158,note_on,2,0,0,,6,,,78,127
22204,note_off,46,0,0,,6,,,78,127
22204,note_off,0,0,0,,4,,,52,127
22206,note_on,2,0,0,,4,,,52,127
22206,note_on,0,0,0,,4,,,76,127
22348,note_off,142,0,0,,4,,,52,127
22350,note_on,2,0,0,,7,,,55,127
22492,note_off,142,0,0,,7,,,55,127
22492,note_off,0,0,0,,4,,,76,127
22494,note_on,2,0,0,,1,,,49,127
22494,note_on,0,0,0,,6,,,78,127
22540,note_off,46,0,0,,6,,,78,127
22542,note_on,2,0,0,,4,,,76,127
22588,note_off,46,0,0,,4,,,76,127
22590,note_on,2,0,0,,6,,,78,127
22636,note_off,46,0,0,,6,,,78,127
22636,note_off,0,0,0,,1,,,49,127
22638,note_on,2,0,0,,1,,,49,127
22638,note_on,0,0,0,,4,,,76,127
22780,note_off,142,0,0,,1,,,49,127
22782,note_on,2,0,0,,4,,,52,127
22924,note_off,142,0,0,,4,,,52,127
22924,note_off,0,0,0,,4,,,76,127
22926,note_on,2,0,0,,10,,,45,127
22926,note_on,0,0,0,,10,,,81,127
23070,note_on,144,0,0,,10,,,69,127
23211,note_off,141,0,0,,10,,,81,127
23213,note_off,2,0,0,,10,,,69,127
23213,note_off,0,0,0,,10,,,45,127
23215,note_on,2,0,0,,1,,,49,127
23215,note_on,0,0,0,,7,,,79,127
23357,note_off,142,0,0,,7,,,79,127
23357,note_off,0,0,0,,1,,,49,127
23359,note_on,2,0,0,,2,,,50,127
23359,note_on,0,0,0,,6,,,78,127
23501,note_off,142,0,0,,6,,,78,127
23503,note_on,2,0,0,,4,,,76,127
23645,note_off,142,0,0,,4,,,76,127
23645,note_off,0,0,0,,2,,,50,127
23647,note_on,2,0,0,,6,,,54,127
23647,note_on,0,0,0,,6,,,78,127
23789,note_off,142,0,0,,6,,,78,127
23789,note_off,0,0,0,,6,,,54,127
23791,note_on,2,0,0,,7,,,55,127
23791,note_on,0,0,0,,4,,,76,127
23933,note_off,142,0,0,,4,,,76,127
23935,note_on,2,0,0,,2,,,74,127
24077,note_off,142,0,0,,2,,,74,127
24077,note_off,0,0,0,,7,,,55,127
24079,note_on,2,0,0,,10,,,57,127
24079,note_on,0,0,0,,4,,,76,127
24221,note_off,142,0,0,,4,,,76,127
24221,note_off,0,0,0,,10,,,57,127
24223,note_on,2,0,0,,2,,,62,127
24223,note_on,0,0,0,,4,,,76,127
24269,note_off,46,0,0,,4,,,76,127
24271,note_on,2,0,0,,2,,,74,127
24317,note_off,46,0,0,,2,,,74,127
24319,note_on,2,0,0,,4,,,76,127
24365,note_off,46,0,0,,4,,,76,127
24365,note_off,0,0,0,,2,,,62,127
24367,note_on,2,0,0,,2,,,62,127
24367,note_on,0,0,0,,2,,,74,127
24509,note_off,142,0,0,,2,,,62,127
24511,note_on,2,0,0,,6,,,66,127
24653,note_off,142,0,0,,6,,,66,127
24653,note_off,0,0,0,,2,,,74,127
24655,note_on,2,0,0,,12,,,59,127
24655,note_on,0,0,0,,4,,,76,127
24701,note_off,46,0,0,,4,,,76,127
24703,note_on,2,0,0,,2,,,74,127
24749,note_off,46,0,0,,2,,,74,127
24751,note_on,2,0,0,,4,,,76,127
24797,note_off,46,0,0,,4,,,76,127
24797,note_off,0,0,0,,12,,,59,127
24799,note_on,2,0,0,,12,,,59,127
24799,note_on,0,0,0,,2,,,74,127
24941,note_off,142,0,0,,12,,,59,127
24943,note_on,2,0,0,,2,,,62,127
25085,note_off,142,0,0,,2,,,62,127
25085,note_off,0,0,0,,2,,,74,127
25087,note_on,2,0,0,,7,,,55,127
25087,note_on,0,0,0,,4,,,76,127
25133,note_off,46,0,0,,4,,,76,127
25135,note_on,2,0,0,,2,,,74,127
25181,note_off,46,0,0,,2,,,74,127
25183,note_on,2,0,0,,4,,,76,127
25229,note_off,46,0,0,,4,,,76,127
25229,note_off,0,0,0,,7,,,55,127
25231,note_on,2,0,0,,7,,,55,127
25231,note_on,0,0,0,,2,,,74,127
25373,note_off,142,0,0,,7,,,55,127
25375,note_on,2,0,0,,12,,,59,127
25517,note_off,142,0,0,,12,,,59,127
25517,note_off,0,0,0,,2,,,74,127
25519,note_on,2,0,0,,4,,,52,127
25519,note_on,0,0,0,,6,,,78,127
25565,note_off,46,0,0,,6,,,78,127
25567,note_on,2,0,0,,4,,,76,127
25613,note_off,46,0,0,,4,,,76,127
25615,note_on,2,0,0,,6,,,78,127
25661,note_off,46,0,0,,6,,,78,127
25661,note_off,0,0,0,,4,,,52,127
25663,note_on,2,0,0,,4,,,52,127
25663,note_on,0,0,0,,4,,,76,127
25805,note_off,142,0,0,,4,,,52,127
25807,note_on,2,0,0,,7,,,55,127
25949,note_off,142,0,0,,7,,,55,127
25949,note_off,0,0,0,,4,,,76,127
25951,note_on,2,0,0,,1,,,49,127
25951,note_on,0,0,0,,6,,,78,127
25997,note_off,46,0,0,,6,,,78,127
25999,note_on,2,0,0,,4,,,76,127
26045,note_off,46,0,0,,4,,,76,127
26047,note_on,2,0,0,,6,,,78,127
26093,note_off,46,0,0,,6,,,78,127
26093,note_off,0,0,0,,1,,,49,127
26095,note_on,2,0,0,,1,,,49,127
26095,note_on,0,0,0,,4,,,76,127
26237,note_off,142,0,0,,1,,,49,127
26239,note_on,2,0,0,,4,,,52,127
26381,note_off,142,0,0,,4,,,52,127
26381,note_off,0,0,0,,4,,,76,127
26383,note_on,2,0,0,,10,,,45,127
26383,note_on,0,0,0,,10,,,81,127
26527,note_on,144,0,0,,10,,,69,127
26668,note_off,141,0,0,,10,,,81,127
26670,note_off,2,0,0,,10,,,69,127
26670,note_off,0,0,0,,10,,,45,127
26672,note_on,2,0,0,,1,,,49,127
26672,note_on,0,0,0,,7,,,79,127
26814,note_off,142,0,0,,7,,,79,127
26814,note_off,0,0,0,,1,,,49,127
26816,note_on,2,0,0,,2,,,50,127
26816,note_on,0,0,0,,7,,,79,127
26886,note_off,70,0,0,,7,,,79,127
26888,note_on,2,0,0,,6,,,78,127
26958,note_off,70,0,0,,6,,,78,127
26960,note_on,2,0,0,,4,,,76,127
27102,note_off,142,0,0,,4,,,76,127
27102,note_off,0,0,0,,2,,,50,127
27104,note_on,2,0,0,,6,,,54,127
27104,note_on,0,0,0,,6,,,78,127
27246,note_off,142,0,0,,6,,,78,127
27246,note_off,0,0,0,,6,,,54,127
27248,note_on,2,0,0,,7,,,55,127
27248,note_on,0,0,0,,6,,,78,127
27318,note_off,70,0,0,,6,,,78,127
27320,note_on,2,0,0,,4,,,76,127
27390,note_off,70,0,0,,4,,,76,127
27392,note_on,2,0,0,,2,,,74,127
27534,note_off,142,0,0,,2,,,74,127
27534,note_off,0,0,0,,7,,,55,127
27536,note_on,2,0,0,,10,,,57,127
27536,note_on,0,0,0,,4,,,76,127
27678,note_off,142,0,0,,4,,,76,127
27678,note_off,0,0,0,,10,,,57,127
27680,note_on,2,0,0,,6,,,54,127
27680,note_on,0,0,0,,4,,,76,127
27750,note_off,70,0,0,,4,,,76,127
27752,note_on,2,0,0,,2,,,74,127
27822,note_off,70,0,0,,2,,,74,127
27824,note_on,2,0,0,,1,,,73,127
27966,note_off,142,0,0,,1,,,73,127
27966,note_off,0,0,0,,6,,,54,127
27968,note_on,2,0,0,,2,,,50,127
27968,note_on,0,0,0,,2,,,74,127
28110,note_off,142,0,0,,2,,,74,127
28110,note_off,0,0,0,,2,,,50,127
28112,note_on,2,0,0,,7,,,55,127
28112,note_on,0,0,0,,6,,,78,127
28182,note_off,70,0,0,,6,,,78,127
28184,note_on,2,0,0,,4,,,76,127
28254,note_off,70,0,0,,4,,,76,127
28256,note_on,2,0,0,,2,,,74,127
28398,note_off,142,0,0,,2,,,74,127
28398,note_off,0,0,0,,7,,,55,127
28400,note_on,2,0,0,,10,,,57,127
28400,note_on,0,0,0,,4,,,76,127
28542,note_off,142,0,0,,4,,,76,127
28542,note_off,0,0,0,,10,,,57,127
28544,note_on,2,0,0,,6,,,54,127
28544,note_on,0,0,0,,4,,,76,127
28614,note_off,70,0,0,,4,,,76,127
28616,note_on,2,0,0,,2,,,74,127
28686,note_off,70,0,0,,2,,,74,127
28688,note_on,2,0,0,,1,,,73,127
28830,note_off,142,0,0,,1,,,73,127
28830,note_off,0,0,0,,6,,,54,127
28832,note_on,2,0,0,,2,,,50,127
28832,note_on,0,0,0,,2,,,74,127
28974,note_off,142,0,0,,2,,,74,127
28974,note_off,0,0,0,,2,,,50,127
28976,note_on,2,0,0,,7,,,43,127
28976,note_on,0,0,0,,6,,,78,127
29046,note_off,70,0,0,,6,,,78,127
29048,note_on,2,0,0,,4,,,76,127
29118,note_off,70,0,0,,4,,,76,127
29120,note_on,2,0,0,,2,,,74,127
29262,note_off,142,0,0,,2,,,74,127
29262,note_off,0,0,0,,7,,,43,127
29264,note_on,2,0,0,,10,,,45,127
29264,note_on,0,0,0,,4,,,76,127
29406,note_off,142,0,0,,4,,,76,127
29406,note_off,0,0,0,,10,,,45,127
29408,note_on,2,0,0,,2,,,38,127
29408,note_on,0,0,0,,4,,,76,127
29454,note_off,46,0,0,,4,,,76,127
29456,note_on,2,0,0,,2,,,74,127
29502,note_off,46,0,0,,2,,,74,127
29504,note_on,2,0,0,,4,,,76,127
29550,note_off,46,0,0,,4,,,76,127
29552,note_on,2,0,0,,2,,,74,127
30158,note_off,606,0,0,,2,,,38,127
30272,note_on,114,0,0,,2,,,62,127
30414,note_off,142,0,0,,2,,,74,127
30416,note_on,2,0,0,,10,,,81,127
30558,note_off,142,0,0,,10,,,81,127
30560,note_on,2,0,0,,5,,,77,127
30702,note_off,142,0,0,,5,,,77,127
30702,note_off,0,0,0,,2,,,62,127
30704,note_on,2,0,0,,5,,,65,127
30704,note_on,0,0,0,,2,,,74,127
30846,note_off,142,0,0,,2,,,74,127
30848,note_on,2,0,0,,2,,,74,127
30990,note_off,142,0,0,,2,,,74,127
30992,note_on,2,0,0,,5,,,77,127
31134,note_off,142,0,0,,5,,,77,127
31134,note_off,0,0,0,,5,,,65,127
31136,note_on,2,0,0,,7,,,67,127
31136,note_on,0,0,0,,11,,,70,127
31278,note_off,142,0,0,,11,,,70,127
31280,note_on,2,0,0,,11,,,70,127
31422,note_off,142,0,0,,11,,,70,127
31424,note_on,2,0,0,,2,,,74,127
31566,note_off,142,0,0,,2,,,74,127
31566,note_off,0,0,0,,7,,,67,127
31568,note_on,2,0,0,,1,,,61,127
31568,note_on,0,0,0,,10,,,69,127
31710,note_off,142,0,0,,10,,,69,127
31712,note_on,2,0,0,,10,,,69,127
31856,note_on,144,0,0,,7,,,79,127
31997,note_off,141,0,0,,10,,,69,127
31999,note_off,2,0,0,,7,,,79,127
31999,note_off,0,0,0,,1,,,61,127
32001,note_on,2,0,0,,2,,,62,127
32001,note_on,0,0,0,,5,,,77,127
32143,note_off,142,0,0,,5,,,77,127
32145,note_on,2,0,0,,10,,,81,127
32287,note_off,142,0,0,,10,,,81,127
32289,note_on,2,0,0,,5,,,77,127
32431,note_off,142,0,0,,5,,,77,127
32431,note_off,0,0,0,,2,,,62,127
32433,note_on,2,0,0,,5,,,65,127
32433,note_on,0,0,0,,2,,,74,127
32575,note_off,142,0,0,,2,,,74,127
32577,note_on,2,0,0,,2,,,74,127
32719,note_off,142,0,0,,2,,,74,127
32721,note_on,2,0,0,,5,,,77,127
32863,note_off,142,0,0,,5,,,77,127
32863,note_off,0,0,0,,5,,,65,127
32865,note_on,2,0,0,,7,,,67,127
32865,note_on,0,0,0,,11,,,70,127
33007,note_off,142,0,0,,11,,,70,127
33009,note_on,2,0,0,,11,,,70,127
33151,note_off,142,0,0,,11,,,70,127
33153,note_on,2,0,0,,2,,,74,127
33295,note_off,142,0,0,,2,,,74,127
33295,note_off,0,0,0,,7,,,67,127
33297,note_on,2,0,0,,1,,,61,127
33297,note_on,0,0,0,,10,,,69,127
33439,note_off,142,0,0,,10,,,69,127
33441,note_on,2,0,0,,10,,,69,127
33583,note_off,142,0,0,,10,,,69,127
33585,note_on,2,0,0,,7,,,79,127
33727,note_off,142,0,0,,7,,,79,127
33727,note_off,0,0,0,,1,,,61,127
33729,note_on,2,0,0,,2,,,62,127
33729,note_on,0,0,0,,5,,,77,127
33871,note_off,142,0,0,,5,,,77,127
33873,note_on,2,0,0,,5,,,77,127
34015,note_off,142,0,0,,5,,,77,127
34017,note_on,2,0,0,,10,,,81,127
34159,note_off,142,0,0,,10,,,81,127
34159,note_off,0,0,0,,2,,,62,127
34161,note_on,2,0,0,,0,,,60,127
34161,note_on,0,0,0,,5,,,77,127
34303,note_off,142,0,0,,5,,,77,127
34305,note_on,2,0,0,,5,,,77,127
34447,note_off,142,0,0,,5,,,77,127
34449,note_on,2,0,0,,2,,,86,127
34591,note_off,142,0,0,,2,,,86,127
34591,note_off,0,0,0,,0,,,60,127
34593,note_on,2,0,0,,12,,,59,127
34593,note_on,0,0,0,,5,,,77,127
34735,note_off,142,0,0,,5,,,77,127
34737,note_on,2,0,0,,5,,,77,127
34879,note_off,142,0,0,,5,,,77,127
34881,note_on,2,0,0,,2,,,86,127
35023,note_off,142,0,0,,2,,,86,127
35023,note_off,0,0,0,,12,,,59,127
35025,note_on,2,0,0,,10,,,57,127
35025,note_on,0,0,0,,5,,,77,127
35167,note_off,142,0,0,,5,,,77,127
35169,note_on,2,0,0,,5,,,77,127
35311,note_off,142,0,0,,5,,,77,127
35313,note_on,2,0,0,,2,,,86,127
35455,note_off,142,0,0,,2,,,86,127
35455,note_off,0,0,0,,10,,,57,127
35457,note_on,2,0,0,,7,,,55,127
35457,note_on,0,0,0,,5,,,77,127
35599,note_off,142,0,0,,5,,,77,127
35601,note_on,2,0,0,,8,,,80,127
35743,note_off,142,0,0,,8,,,80,127
35745,note_on,2,0,0,,7,,,79,127
35887,note_off,142,0,0,,7,,,79,127
35887,note_off,0,0,0,,7,,,55,127
35889,note_on,2,0,0,,7,,,55,127
35889,note_on,0,0,0,,5,,,77,127
36031,note_off,142,0,0,,5,,,77,127
36033,note_on,2,0,0,,3,,,75,127
36175,note_off,142,0,0,,3,,,75,127
36177,note_on,2,0,0,,2,,,74,127
36319,note_off,142,0,0,,2,,,74,127
36319,note_off,0,0,0,,7,,,55,127
36321,note_on,2,0,0,,8,,,56,127
36321,note_on,0,0,0,,0,,,72,127
36463,note_off,142,0,0,,0,,,72,127
36465,note_on,2,0,0,,0,,,72,127
36607,note_off,142,0,0,,0,,,72,127
36609,note_on,2,0,0,,3,,,75,127
36751,note_off,142,0,0,,3,,,75,127
36751,note_off,0,0,0,,8,,,56,127
36753,note_on,2,0,0,,7,,,55,127
36753,note_on,0,0,0,,0,,,72,127
36895,note_off,142,0,0,,0,,,72,127
36897,note_on,2,0,0,,0,,,72,127
37039,note_off,142,0,0,,0,,,72,127
37041,note_on,2,0,0,,0,,,84,127
37183,note_off,142,0,0,,0,,,84,127
37183,note_off,0,0,0,,7,,,55,127
37185,note_on,2,0,0,,5,,,53,127
37185,note_on,0,0,0,,0,,,72,127
37327,note_off,142,0,0,,0,,,72,127
37329,note_on,2,0,0,,0,,,72,127
37471,note_off,142,0,0,,0,,,72,127
37473,note_on,2,0,0,,0,,,84,127
37615,note_off,142,0,0,,0,,,84,127
37615,note_off,0,0,0,,5,,,53,127
37617,note_on,2,0,0,,3,,,51,127
37617,note_on,0,0,0,,0,,,72,127
37759,note_off,142,0,0,,0,,,72,127
37761,note_on,2,0,0,,0,,,72,127
37903,note_off,142,0,0,,0,,,72,127
37905,note_on,2,0,0,,0,,,84,127
38047,note_off,142,0,0,,0,,,84,127
38047,note_off,0,0,0,,3,,,51,127
38049,note_on,2,0,0,,2,,,50,127
38049,note_on,0,0,0,,0,,,72,127
38191,note_off,142,0,0,,0,,,72,127
38193,note_on,2,0,0,,3,,,75,127
38335,note_off,142,0,0,,3,,,75,127
38337,note_on,2,0,0,,2,,,74,127
38479,note_off,142,0,0,,2,,,74,127
38479,note_off,0,0,0,,2,,,50,127
38481,note_on,2,0,0,,2,,,62,127
38481,note_on,0,0,0,,0,,,72,127
38623,note_off,142,0,0,,0,,,72,127
38625,note_on,2,0,0,,11,,,70,127
38767,note_off,142,0,0,,11,,,70,127
38769,note_on,2,0,0,,10,,,69,127
38911,note_off,142,0,0,,10,,,69,127
38911,note_off,0,0,0,,2,,,62,127
38913,note_on,2,0,0,,3,,,63,127
38913,note_on,0,0,0,,7,,,67,127
39055,note_off,142,0,0,,7,,,67,127
39057,note_on,2,0,0,,7,,,67,127
39199,note_off,142,0,0,,7,,,67,127
39201,note_on,2,0,0,,11,,,70,127
39343,note_off,142,0,0,,11,,,70,127
39343,note_off,0,0,0,,3,,,63,127
39345,note_on,2,0,0,,2,,,62,127
39345,note_on,0,0,0,,7,,,67,127
39487,note_off,142,0,0,,7,,,67,127
39489,note_on,2,0,0,,7,,,67,127
39631,note_off,142,0,0,,7,,,67,127
39633,note_on,2,0,0,,11,,,70,127
39775,note_off,142,0,0,,11,,,70,127
39775,note_off,0,0,0,,2,,,62,127
39777,note_on,2,0,0,,0,,,60,127
39777,note_on,0,0,0,,7,,,67,127
39777,note_on,0,0,0,,10,,,69,127
39919,note_off,142,0,0,,10,,,69,127
39921,note_on,2,0,0,,10,,,69,127
40063,note_off,142,0,0,,10,,,69,127
40065,note_on,2,0,0,,10,,,69,127
40207,note_off,142,0,0,,10,,,69,127
40207,note_off,0,0,0,,7,,,67,127
40207,note_off,0,0,0,,0,,,60,127
40209,note_on,2,0,0,,1,,,61,127
40209,note_on,0,0,0,,7,,,67,127
40209,note_on,0,0,0,,10,,,69,127
40351,note_off,142,0,0,,10,,,69,127
40353,note_on,2,0,0,,10,,,69,127
40495,note_off,142,0,0,,10,,,69,127
40497,note_on,2,0,0,,10,,,69,127
40639,note_off,142,0,0,,10,,,69,127
40639,note_off,0,0,0,,7,,,67,127
40639,note_off,0,0,0,,1,,,61,127
40641,note_on,2,0,0,,6,,,66,127
40641,note_on,0,0,0,,2,,,62,127
40641,note_on,0,0,0,,10,,,69,127
40783,note_off,142,0,0,,10,,,69,127
40785,note_on,2,0,0,,10,,,69,127
40927,note_off,142,0,0,,10,,,69,127
40929,note_on,2,0,0,,12,,,71,127
41071,note_off,142,0,0,,12,,,71,127
41071,note_off,0,0,0,,2,,,62,127
41071,note_off,0,0,0,,6,,,66,127
41073,note_on,2,0,0,,1,,,61,127
41073,note_on,0,0,0,,7,,,67,127
41073,note_on,0,0,0,,10,,,69,127
41215,note_off,142,0,0,,10,,,69,127
41217,note_on,2,0,0,,10,,,69,127
41359,note_off,142,0,0,,10,,,69,127
41361,note_on,2,0,0,,12,,,71,127
41503,note_off,142,0,0,,12,,,71,127
41503,note_off,0,0,0,,7,,,67,127
41503,note_off,0,0,0,,1,,,61,127
41505,note_on,2,0,0,,2,,,62,127
41505,note_on,0,0,0,,6,,,66,127
41505,note_on,0,0,0,,10,,,69,127
41647,note_off,142,0,0,,10,,,69,127
41649,note_on,2,0,0,,10,,,69,127
41791,note_off,142,0,0,,10,,,69,127
41793,note_on,2,0,0,,12,,,71,127
41935,note_off,142,0,0,,12,,,71,127
41935,note_off,0,0,0,,6,,,66,127
41935,note_off,0,0,0,,2,,,62,127
41937,note_on,2,0,0,,1,,,61,127
41937,note_on,0,0,0,,7,,,67,127
41937,note_on,0,0,0,,10,,,69,127
42079,note_off,142,0,0,,10,,,69,127
42081,note_on,2,0,0,,10,,,69,127
42223,note_off,142,0,0,,10,,,69,127
42225,note_on,2,0,0,,12,,,71,127
42367,note_off,142,0,0,,12,,,71,127
42367,note_off,0,0,0,,7,,,67,127
42367,note_off,0,0,0,,1,,,61,127
42369,note_on,2,0,0,,6,,,66,127
42369,note_on,0,0,0,,2,,,62,127
42369,note_on,0,0,0,,10,,,69,127
42511,note_off,142,0,0,,10,,,69,127
42513,note_on,2,0,0,,10,,,69,127
42655,note_off,142,0,0,,10,,,69,127
42657,note_on,2,0,0,,10,,,69,127
42799,note_off,142,0,0,,10,,,69,127
42799,note_off,0,0,0,,2,,,62,127
42799,note_off,0,0,0,,6,,,66,127
42801,note_on,2,0,0,,0,,,60,127
42801,note_on,0,0,0,,6,,,78,127
42943,note_off,142,0,0,,6,,,78,127
42945,note_on,2,0,0,,6,,,78,127
43087,note_off,142,0,0,,6,,,78,127
43089,note_on,2,0,0,,6,,,78,127
43231,note_off,142,0,0,,6,,,78,127
43231,note_off,0,0,0,,0,,,60,127
43233,note_on,2,0,0,,12,,,59,127
43233,note_on,0,0,0,,7,,,79,127
43375,note_off,142,0,0,,7,,,79,127
43377,note_on,2,0,0,,2,,,74,127
43519,note_off,142,0,0,,2,,,74,127
43519,note_off,0,0,0,,12,,,59,127
43521,note_on,2,0,0,,0,,,60,127
43521,note_on,0,0,0,,0,,,72,127
43663,note_off,142,0,0,,0,,,72,127
43663,note_off,0,0,0,,0,,,60,127
43665,note_on,2,0,0,,2,,,62,127
43665,note_on,0,0,0,,12,,,71,127
43807,note_off,142,0,0,,12,,,71,127
43809,note_on,2,0,0,,0,,,72,127
43951,note_off,142,0,0,,0,,,72,127
43951,note_off,0,0,0,,2,,,62,127
43953,note_on,2,0,0,,2,,,50,127
43953,note_on,0,0,0,,10,,,69,127
44095,note_off,142,0,0,,10,,,69,127
44095,note_off,0,0,0,,2,,,50,127
44097,note_on,2,0,0,,7,,,55,127
44097,note_on,0,0,0,,7,,,67,127
44239,note_off,142,0,0,,7,,,67,127
44241,note_on,2,0,0,,7,,,67,127
44383,note_off,142,0,0,,7,,,67,127
44383,note_off,0,0,0,,7,,,55,127
44385,note_on,2,0,0,,12,,,59,127
44385,note_on,0,0,0,,12,,,71,127
44527,note_off,142,0,0,,12,,,71,127
44527,note_off,0,0,0,,12,,,59,127
44529,note_on,2,0,0,,1,,,61,127
44529,note_on,0,0,0,,10,,,69,127
44529,note_on,0,0,0,,7,,,67,127
44671,note_off,142,0,0,,10,,,69,127
44673,note_on,2,0,0,,10,,,69,127
44815,note_off,142,0,0,,10,,,69,127
44815,note_off,0,0,0,,1,,,61,127
44817,note_on,2,0,0,,1,,,61,127
44817,note_on,0,0,0,,12,,,71,127
44959,note_off,142,0,0,,12,,,71,127
44959,note_off,0,0,0,,1,,,61,127
44960,note_off,1,0,0,,7,,,67,127
44961,note_on,1,0,0,,2,,,62,127
44961,note_on,0,0,0,,10,,,69,127
44961,note_on,0,0,0,,6,,,66,127
45103,note_off,142,0,0,,10,,,69,127
45105,note_on,2,0,0,,10,,,69,127
45247,note_off,142,0,0,,10,,,69,127
45247,note_off,0,0,0,,2,,,62,127
45249,note_on,2,0,0,,2,,,62,127
45249,note_on,0,0,0,,12,,,71,127
45391,note_off,142,0,0,,12,,,71,127
45391,note_off,0,0,0,,2,,,62,127
45392,note_off,1,0,0,,6,,,66,127
45393,note_on,1,0,0,,1,,,61,127
45393,note_on,0,0,0,,7,,,67,127
45393,note_on,0,0,0,,10,,,69,127
45535,note_off,142,0,0,,10,,,69,127
45537,note_on,2,0,0,,10,,,69,127
45679,note_off,142,0,0,,10,,,69,127
45679,note_off,0,0,0,,1,,,61,127
45681,note_on,2,0,0,,1,,,61,127
45681,note_on,0,0,0,,12,,,71,127
45823,note_off,142,0,0,,12,,,71,127
45823,note_off,0,0,0,,1,,,61,127
45824,note_off,1,0,0,,7,,,67,127
45825,note_on,1,0,0,,2,,,62,127
45825,note_on,0,0,0,,6,,,66,127
45825,note_on,0,0,0,,10,,,69,127
45967,note_off,142,0,0,,10,,,69,127
45969,note_on,2,0,0,,10,,,69,127
46111,note_off,142,0,0,,10,,,69,127
46111,note_off,0,0,0,,2,,,62,127
46113,note_on,2,0,0,,2,,,62,127
46113,note_on,0,0,0,,10,,,69,127
46255,note_off,142,0,0,,2,,,62,127
46256,note_off,1,0,0,,6,,,66,127
46257,note_on,1,0,0,,0,,,60,127
46257,note_on,0,0,0,,6,,,78,127
46399,note_off,142,0,0,,6,,,78,127
46401,note_on,2,0,0,,6,,,78,127
46543,note_off,142,0,0,,6,,,78,127
46543,note_off,0,0,0,,0,,,60,127
46545,note_on,2,0,0,,0,,,60,127
46545,note_on,0,0,0,,6,,,78,127
46687,note_off,142,0,0,,6,,,78,127
46687,note_off,0,0,0,,0,,,60,127
46688,note_off,1,0,0,,10,,,69,127
46689,note_on,1,0,0,,12,,,59,127
46689,note_on,0,0,0,,7,,,79,127
46831,note_off,142,0,0,,7,,,79,127
46833,note_on,2,0,0,,2,,,74,127
46975,note_off,142,0,0,,2,,,74,127
46975,note_off,0,0,0,,12,,,59,127
46977,note_on,2,0,0,,0,,,60,127
46977,note_on,0,0,0,,0,,,72,127
47119,note_off,142,0,0,,0,,,72,127
47119,note_off,0,0,0,,0,,,60,127
47121,note_on,2,0,0,,2,,,62,127
47121,note_on,0,0,0,,12,,,71,127
47263,note_off,142,0,0,,12,,,71,127
47265,note_on,2,0,0,,0,,,72,127
47407,note_off,142,0,0,,0,,,72,127
47407,note_off,0,0,0,,2,,,62,127
47409,note_on,2,0,0,,2,,,50,127
47409,note_on,0,0,0,,10,,,69,127
47551,note_off,142,0,0,,10,,,69,127
47551,note_off,0,0,0,,2,,,50,127
47553,note_on,2,0,0,,7,,,55,127
47553,note_on,0,0,0,,10,,,69,127
47599,note_off,46,0,0,,10,,,69,127
47601,note_on,2,0,0,,7,,,67,127
47647,note_off,46,0,0,,7,,,67,127
47649,note_on,2,0,0,,10,,,69,127
47695,note_off,46,0,0,,10,,,69,127
47695,note_off,0,0,0,,7,,,55,127
47697,note_on,2,0,0,,7,,,55,127
47697,note_on,0,0,0,,7,,,67,127
47839,note_off,142,0,0,,7,,,55,127
47841,note_on,2,0,0,,12,,,59,127
47983,note_off,142,0,0,,12,,,59,127
47983,note_off,0,0,0,,7,,,67,127
47985,note_on,2,0,0,,4,,,52,127
47985,note_on,0,0,0,,10,,,69,127
48031,note_off,46,0,0,,10,,,69,127
48033,note_on,2,0,0,,7,,,67,127
48079,note_off,46,0,0,,7,,,67,127
48081,note_on,2,0,0,,10,,,69,127
48127,note_off,46,0,0,,10,,,69,127
48127,note_off,0,0,0,,4,,,52,127
48129,note_on,2,0,0,,4,,,52,127
48129,note_on,0,0,0,,7,,,67,127
48271,note_off,142,0,0,,4,,,52,127
48273,note_on,2,0,0,,7,,,55,127
48415,note_off,142,0,0,,7,,,55,127
48415,note_off,0,0,0,,7,,,67,127
48417,note_on,2,0,0,,0,,,48,127
48417,note_on,0,0,0,,10,,,69,127
48463,note_off,46,0,0,,10,,,69,127
48465,note_on,2,0,0,,7,,,67,127
48511,note_off,46,0,0,,7,,,67,127
48513,note_on,2,0,0,,10,,,69,127
48559,note_off,46,0,0,,10,,,69,127
48559,note_off,0,0,0,,0,,,48,127
48561,note_on,2,0,0,,0,,,48,127
48561,note_on,0,0,0,,7,,,67,127
48703,note_off,142,0,0,,0,,,48,127
48705,note_on,2,0,0,,4,,,52,127
48847,note_off,142,0,0,,4,,,52,127
48847,note_off,0,0,0,,7,,,67,127
48849,note_on,2,0,0,,10,,,45,127
48849,note_on,0,0,0,,12,,,71,127
48895,note_off,46,0,0,,12,,,71,127
48897,note_on,2,0,0,,10,,,69,127
48943,note_off,46,0,0,,10,,,69,127
48945,note_on,2,0,0,,12,,,71,127
48991,note_off,46,0,0,,12,,,71,127
48991,note_off,0,0,0,,10,,,45,127
48993,note_on,2,0,0,,10,,,45,127
48993,note_on,0,0,0,,10,,,69,127
49135,note_off,142,0,0,,10,,,45,127
49137,note_on,2,0,0,,0,,,48,127
49279,note_off,142,0,0,,0,,,48,127
49279,note_off,0,0,0,,10,,,69,127
49281,note_on,2,0,0,,6,,,42,127
49281,note_on,0,0,0,,12,,,71,127
49327,note_off,46,0,0,,12,,,71,127
49329,note_on,2,0,0,,10,,,69,127
49375,note_off,46,0,0,,10,,,69,127
49377,note_on,2,0,0,,12,,,71,127
49423,note_off,46,0,0,,12,,,71,127
49423,note_off,0,0,0,,6,,,42,127
49425,note_on,2,0,0,,6,,,42,127
49425,note_on,0,0,0,,10,,,69,127
49567,note_off,142,0,0,,6,,,42,127
49569,note_on,2,0,0,,10,,,45,127
49711,note_off,142,0,0,,10,,,45,127
49711,note_off,0,0,0,,10,,,69,127
49713,note_on,2,0,0,,2,,,38,127
49713,note_on,0,0,0,,2,,,74,127
49855,note_off,142,0,0,,2,,,74,127
49857,note_on,2,0,0,,2,,,62,127
49999,note_off,142,0,0,,2,,,62,127
50001,note_on,2,0,0,,0,,,72,127
50143,note_off,142,0,0,,0,,,72,127
50143,note_off,0,0,0,,2,,,38,127
50145,note_on,2,0,0,,7,,,43,127
50145,note_on,0,0,0,,12,,,71,127
50287,note_off,142,0,0,,12,,,71,127
50289,note_on,2,0,0,,10,,,69,127
50431,note_off,142,0,0,,10,,,69,127
50431,note_off,0,0,0,,7,,,43,127
50433,note_on,2,0,0,,12,,,47,127
50433,note_on,0,0,0,,12,,,71,127
50575,note_off,142,0,0,,12,,,71,127
50575,note_off,0,0,0,,12,,,47,127
50577,note_on,2,0,0,,0,,,48,127
50577,note_on,0,0,0,,10,,,69,127
50719,note_off,142,0,0,,10,,,69,127
50721,note_on,2,0,0,,7,,,67,127
50863,note_off,142,0,0,,7,,,67,127
50863,note_off,0,0,0,,0,,,48,127
50865,note_on,2,0,0,,2,,,50,127
50865,note_on,0,0,0,,10,,,69,127
51007,note_off,142,0,0,,10,,,69,127
51007,note_off,0,0,0,,2,,,50,127
51009,note_on,2,0,0,,7,,,55,127
51009,note_on,0,0,0,,10,,,69,127
51055,note_off,46,0,0,,10,,,69,127
51057,note_on,2,0,0,,7,,,67,127
51103,note_off,46,0,0,,7,,,67,127
51105,note_on,2,0,0,,10,,,69,127
51151,note_off,46,0,0,,10,,,69,127
51151,note_off,0,0,0,,7,,,55,127
51153,note_on,2,0,0,,7,,,55,127
51153,note_on,0,0,0,,7,,,67,127
51295,note_off,142,0,0,,7,,,55,127
51297,note_on,2,0,0,,12,,,59,127
51439,note_off,142,0,0,,12,,,59,127
51439,note_off,0,0,0,,7,,,67,127
51441,note_on,2,0,0,,4,,,52,127
51441,note_on,0,0,0,,10,,,69,127
51487,note_off,46,0,0,,10,,,69,127
51489,note_on,2,0,0,,7,,,67,127
51535,note_off,46,0,0,,7,,,67,127
51537,note_on,2,0,0,,10,,,69,127
51583,note_off,46,0,0,,10,,,69,127
51583,note_off,0,0,0,,4,,,52,127
51585,note_on,2,0,0,,4,,,52,127
51585,note_on,0,0,0,,7,,,67,127
51727,note_off,142,0,0,,4,,,52,127
51729,note_on,2,0,0,,7,,,55,127
51871,note_off,142,0,0,,7,,,55,127
51871,note_off,0,0,0,,7,,,67,127
51873,note_on,2,0,0,,0,,,48,127
51873,note_on,0,0,0,,10,,,69,127
51919,note_off,46,0,0,,10,,,69,127
51921,note_on,2,0,0,,7,,,67,127
51967,note_off,46,0,0,,7,,,67,127
51969,note_on,2,0,0,,10,,,69,127
52015,note_off,46,0,0,,10,,,69,127
52015,note_off,0,0,0,,0,,,48,127
52017,note_on,2,0,0,,0,,,48,127
52017,note_on,0,0,0,,7,,,67,127
52159,note_off,142,0,0,,0,,,48,127
52161,note_on,2,0,0,,4,,,52,127
52303,note_off,142,0,0,,4,,,52,127
52303,note_off,0,0,0,,7,,,67,127
52305,note_on,2,0,0,,10,,,45,127
52305,note_on,0,0,0,,12,,,71,127
52351,note_off,46,0,0,,12,,,71,127
52353,note_on,2,0,0,,10,,,69,127
52399,note_off,46,0,0,,10,,,69,127
52401,note_on,2,0,0,,12,,,71,127
52447,note_off,46,0,0,,12,,,71,127
52447,note_off,0,0,0,,10,,,45,127
52449,note_on,2,0,0,,10,,,45,127
52449,note_on,0,0,0,,10,,,69,127
52591,note_off,142,0,0,,10,,,45,127
52593,note_on,2,0,0,,0,,,48,127
52735,note_off,142,0,0,,0,,,48,127
52735,note_off,0,0,0,,10,,,69,127
52737,note_on,2,0,0,,6,,,42,127
52737,note_on,0,0,0,,12,,,71,127
52783,note_off,46,0,0,,12,,,71,127
52785,note_on,2,0,0,,10,,,69,127
52831,note_off,46,0,0,,10,,,69,127
52833,note_on,2,0,0,,12,,,71,127
52879,note_off,46,0,0,,12,,,71,127
52879,note_off,0,0,0,,6,,,42,127
52881,note_on,2,0,0,,6,,,42,127
52881,note_on,0,0,0,,10,,,69,127
53023,note_off,142,0,0,,6,,,42,127
53025,note_on,2,0,0,,10,,,45,127
53167,note_off,142,0,0,,10,,,45,127
53167,note_off,0,0,0,,10,,,69,127
53169,note_on,2,0,0,,2,,,38,127
53169,note_on,0,0,0,,2,,,86,127
53313,note_on,144,0,0,,2,,,74,127
53454,note_off,141,0,0,,2,,,86,127
53456,note_off,2,0,0,,2,,,74,127
53458,note_on,2,0,0,,0,,,84,127
53600,note_off,142,0,0,,0,,,84,127
53600,note_off,0,0,0,,2,,,38,127
53602,note_on,2,0,0,,7,,,43,127
53602,note_on,0,0,0,,0,,,84,127
53672,note_off,70,0,0,,0,,,84,127
53674,note_on,2,0,0,,12,,,83,127
53744,note_off,70,0,0,,12,,,83,127
53746,note_on,2,0,0,,10,,,81,127
53888,note_off,142,0,0,,10,,,81,127
53888,note_off,0,0,0,,7,,,43,127
53890,note_on,2,0,0,,12,,,47,127
53890,note_on,0,0,0,,12,,,83,127
54032,note_off,142,0,0,,12,,,83,127
54032,note_off,0,0,0,,12,,,47,127
54034,note_on,2,0,0,,0,,,48,127
54034,note_on,0,0,0,,12,,,83,127
54104,note_off,70,0,0,,12,,,83,127
54106,note_on,2,0,0,,10,,,81,127
54176,note_off,70,0,0,,10,,,81,127
54178,note_on,2,0,0,,7,,,79,127
54320,note_off,142,0,0,,7,,,79,127
54320,note_off,0,0,0,,0,,,48,127
54322,note_on,2,0,0,,2,,,50,127
54322,note_on,0,0,0,,10,,,81,127
54464,note_off,142,0,0,,10,,,81,127
54464,note_off,0,0,0,,2,,,50,127
54466,note_on,2,0,0,,12,,,47,127
54466,note_on,0,0,0,,10,,,81,127
54536,note_off,70,0,0,,10,,,81,127
54538,note_on,2,0,0,,7,,,79,127
54608,note_off,70,0,0,,7,,,79,127
54610,note_on,2,0,0,,6,,,78,127
54752,note_off,142,0,0,,6,,,78,127
54752,note_off,0,0,0,,12,,,47,127
54754,note_on,2,0,0,,4,,,52,127
54754,note_on,0,0,0,,7,,,79,127
54896,note_off,142,0,0,,7,,,79,127
54896,note_off,0,0,0,,4,,,52,127
54898,note_on,2,0,0,,0,,,48,127
54898,note_on,0,0,0,,12,,,83,127
54968,note_off,70,0,0,,12,,,83,127
54970,note_on,2,0,0,,10,,,81,127
55040,note_off,70,0,0,,10,,,81,127
55042,note_on,2,0,0,,7,,,79,127
55184,note_off,142,0,0,,7,,,79,127
55184,note_off,0,0,0,,0,,,48,127
55186,note_on,2,0,0,,2,,,50,127
55186,note_on,0,0,0,,10,,,81,127
55328,note_off,142,0,0,,10,,,81,127
55328,note_off,0,0,0,,2,,,50,127
55330,note_on,2,0,0,,12,,,47,127
55330,note_on,0,0,0,,10,,,81,127
55400,note_off,70,0,0,,10,,,81,127
55402,note_on,2,0,0,,7,,,79,127
55472,note_off,70,0,0,,7,,,79,127
55474,note_on,2,0,0,,6,,,78,127
55616,note_off,142,0,0,,6,,,78,127
55616,note_off,0,0,0,,12,,,47,127
55618,note_on,2,0,0,,4,,,52,127
55618,note_on,0,0,0,,7,,,79,127
55760,note_off,142,0,0,,7,,,79,127
55760,note_off,0,0,0,,4,,,52,127
55762,note_on,2,0,0,,0,,,48,127
55762,note_on,0,0,0,,12,,,83,127
55832,note_off,70,0,0,,12,,,83,127
55834,note_on,2,0,0,,10,,,81,127
55904,note_off,70,0,0,,10,,,81,127
55906,note_on,2,0,0,,7,,,79,127
56048,note_off,142,0,0,,7,,,79,127
56048,note_off,0,0,0,,0,,,48,127
56050,note_on,2,0,0,,2,,,50,127
56050,note_on,0,0,0,,10,,,81,127
56192,note_off,142,0,0,,10,,,81,127
56192,note_off,0,0,0,,2,,,50,127
56194,note_on,2,0,0,,7,,,79,127
56194,note_on,0,0,0,,12,,,47,127
56340,note_off,146,0,0,,7,,,79,127
56343,note_on,3,0,0,,2,,,74,127
56489,note_off,146,0,0,,12,,,47,127
56490,note_off,1,0,0,,2,,,74,127
56494,note_on,4,0,0,,0,,,72,127
56494,note_on,0,0,0,,0,,,48,127
56640,note_off,146,0,0,,0,,,48,127
56640,note_off,0,0,0,,0,,,72,127
56644,note_on,4,0,0,,12,,,71,127
56644,note_on,0,0,0,,2,,,50,127
56790,note_off,146,0,0,,12,,,71,127
56794,note_on,4,0,0,,0,,,72,127
56940,note_off,146,0,0,,0,,,72,127
56943,note_on,3,0,0,,10,,,69,127
56943,note_on,0,0,0,,2,,,38,127
57089,note_off,146,0,0,,2,,,38,127
57089,note_off,0,0,0,,10,,,69,127
57117,note_on,28,0,0,,7,,,43,127
57117,note_on,0,0,0,,10,,,69,127
57164,note_off,47,0,0,,10,,,69,127
57166,note_on,2,0,0,,7,,,67,127
57213,note_off,47,0,0,,7,,,67,127
57216,note_on,3,0,0,,10,,,69,127
57236,note_off,20,0,0,,2,,,50,127
57264,note_off,28,0,0,,10,,,69,127
57267,note_on,3,0,0,,7,,,67,127
58834,note_off,1567,0,0,,7,,,67,127
58834,note_off,0,0,0,,7,,,43,127
64512,end_of_track,5678,1,0,,,,,,
